  23.43144   23.43144       -nan
   0.62887  206.45897    2.67183
   0.70104  131.20264    2.41161
   0.68067  129.39664    2.37392
   0.70927  131.15921    2.42850
   0.93068 52274.62922    2.49459
   0.72635  130.80436    2.58565
   0.74273  129.30207    2.52303
   0.76855  124.01807    2.72861
   0.76934  132.69779    2.80495
   0.96580 43108.75196    2.88422
   0.86549  123.84950    2.95990
   0.81522  161.71923    2.75795
   0.80373  116.53549    2.72757
   0.82424  145.06236    2.96243
   1.03404 52708.60431    2.73808
   0.85068  132.50750    3.04471
   0.86127  133.80607    3.18318
   0.85565  129.66893    2.94427
   0.88905  131.42293    3.00664
   1.03271 50026.18657    2.83557
   0.85358  129.62721    2.88334
   0.86314  120.95921    2.99789
   0.85144  129.88521    3.02559
   0.83809  127.28693    2.90719
   1.02506 41005.89996    2.93186
   0.85753  132.88264    2.91654
   0.86408  139.84608    2.90824
   0.90382  135.12607    3.01325
   0.90818  143.66236    3.12003
   1.04745 39208.72927    3.07263
   0.89409  133.53550    3.11774
   0.88778  128.56693    3.09527
   0.93668  134.25550    3.41870
   0.96184  132.60693    3.51444
   0.99802 22688.98774    3.14734
   0.92640  133.72779    3.24394
   0.93443  115.68263    3.20810
   0.94733  128.64178    3.38308
   0.98136  134.98036    3.35045
   1.07987 28557.52149    3.36878
   0.93270  132.43579    3.39664
   0.93812  124.25292    3.29871
   0.92995  144.10494    3.23724
   0.93570  131.37293    3.26450
   1.07391 38790.90048    3.39899
   0.96442  140.34236    3.38775
   0.91560  130.47750    3.47008
   0.93650  132.44093    3.51614
   0.90056  123.84521    3.38231
   1.07782 38295.31306    3.53927
   0.93708  134.29464    3.58018
   0.89873  129.55750    3.41991
   0.91504  127.74036    3.37843
   0.89674  127.68778    3.34808
   1.11446 37959.23002    3.67741
   0.97520  135.43236    3.79752
   0.97413  139.59579    3.83021
   0.99394  132.72264    3.77573
   0.97892  136.11836    3.96171
   1.17596 38666.65812    3.96121
   1.03145  176.49038    4.00876
   1.09167  143.53208    4.10322
   0.98875  140.82636    3.90628
   1.00657  135.99407    3.67874
   1.19086 40923.91735    3.86735
   1.06382  151.81437    3.96838
   1.02789  128.72007    3.81893
   1.06788  134.09293    4.06790
   1.05670  140.96008    3.95860
   1.30261 44154.87224    4.04649
   1.05401  126.73378    3.91904
   1.09332  132.37950    3.98233
   1.02093  139.51322    3.68760
   1.06089  127.41093    3.80848
   1.26557 43579.58879    3.88004
   1.06938  135.44436    3.87726
   1.02334  142.39065    3.84521
   1.04467  147.59579    3.93975
   1.06869  137.12436    3.99108
   1.23896 42711.81660    4.00780
   1.00441  154.62408    3.80339
   0.99675  134.75922    3.86113
   0.98576  145.32522    3.75051
   1.04403  149.35665    3.90500
   1.02983  141.25722    3.91505
   1.04388  162.47237    3.92207
   1.09805  139.56265    4.08156
   1.15929  142.63836    4.28226
   1.12218  148.60179    4.18545
   1.24200 43266.22548    3.90916
   1.01503  132.12007    3.85659
   1.13860 17116.77300    4.03734
   1.01286  142.46208    3.88451
   1.04011  149.79751    3.89201
   1.09673  133.12436    4.02649
   1.10329  133.98293    3.97779
   1.09001  168.48438    4.08587
   1.09774  142.97808    4.12451
   1.07566  155.08866    3.96089
   1.24132 41239.02066    4.03101
   1.08619  135.85636    4.02262
   1.04273  129.33807    3.81191
   1.07485  145.99236    4.01682
   1.06776  144.09465    3.88384
   1.13923 14054.16420    4.04402
   1.10857  144.76265    4.01555
   1.15911  150.07665    4.24793
   1.16722  152.45351    4.25211
   1.11482  160.60180    4.05023
   1.16600 16810.11569    3.96380
   1.12658  164.45780    4.11335
   1.02310  149.24437    3.86458
   1.14478  155.87751    4.19054
   1.13538  150.07494    4.09953
   1.20255 36109.81074    3.85273
   1.06445  138.53722    3.87203
   1.07868  140.47922    4.03482
   1.12309  147.49265    3.91944
   1.07175  144.18579    3.72008
   1.25600 36938.13090    3.81403
   1.11170  143.55836    3.95033
   1.09748  159.47666    3.87889
   1.07688  136.65722    3.84732
   1.13489  148.45294    3.89821
   1.22317 21550.51426    3.92799
   1.16958  163.94809    4.14735
   1.10591  147.78722    3.96874
   1.10625  131.38979    3.93158
   1.10881  156.77037    3.81993
   1.30822 37036.68924    3.84950
   1.11774  148.55922    3.89868
   1.12041  146.51751    3.98817
   1.11817  138.91150    3.98941
   1.15889  142.68351    4.13160
   1.31528 39225.58157    3.99721
   1.15185  126.50807    4.04502
   1.12868  133.46893    3.97357
   1.12779  146.63065    3.91309
   1.14576  156.69123    4.00213
   1.32038 40204.40724    3.97504
   1.09852  137.25779    3.98238
   1.08910  141.04093    3.95590
   1.09521  141.11493    3.84570
   1.13366  144.14808    3.88850
   1.35195 40285.04700    4.12966
   1.14918  146.72608    4.13202
   1.18123  159.26723    4.14892
   1.11362  147.71751    3.95940
   1.13218  143.08008    3.96302
   1.22180 36830.18341    3.88726
   1.06939  142.12779    3.88366
   1.06328  132.89893    3.81437
   1.11849  140.15065    3.91102
   1.12336  157.95151    4.04895
   1.30018 42089.65627    4.01257
   1.09804  145.89779    3.97356
   1.09840  142.25036    3.91835
   1.08397  139.88265    3.81518
   1.13080  153.37294    4.13836
   1.12723 5949.07694    4.03575
   1.07488  152.69123    3.87961
   1.07468  138.31665    3.86396
   1.19428  168.83581    4.12397
   1.14111  147.16608    4.04222
   1.16367 4033.32390    3.99727
   1.09402  139.96865    3.75497
   1.13864  153.94123    3.90449
   1.08039  139.67750    3.93480
   1.12008  135.90722    4.03113
   1.23017 37990.51233    3.84406
   1.05019  144.16094    3.86911
   1.05362  154.60008    3.90685
   1.09499  152.50980    3.83224
   1.07336  142.56779    3.79340
   1.30884 39899.11622    3.98193
   1.12656  142.01465    3.99538
   1.04879  143.50122    3.86714
   1.07243  170.81781    3.88536
   1.10488  154.86380    4.04365
   1.23356 37585.22039    3.88418
   1.04148  154.56951    3.79742
   1.06947  131.55493    3.89370
   1.06813  157.74466    3.90265
   1.08461  172.10809    4.05045
   1.20542 36871.34401    3.93798
   1.08005  144.05379    3.93030
   1.13828  142.68865    4.07351
   1.06235  144.25036    3.87025
   1.11438  158.14666    4.01026
   1.30721 39051.88662    4.04579
   1.11050  161.59066    4.02084
   1.12674  159.47323    4.09436
   1.07464  150.70980    4.02683
   1.10333  145.06465    4.07079
   1.24945 38044.56578    3.99390
   1.10581  140.52350    4.00566
   1.05109  155.53294    3.86723
   1.08765  137.14122    3.98821
   1.06131  165.04609    3.85313
   1.26207 38514.39061    3.91308
   1.07921  151.14637    4.04103
   1.05901  151.28351    3.85855
   1.10400  164.43152    4.06554
   1.05788  165.73552    3.77649
   1.22951 38043.66893    3.81806
   1.09114  135.42893    3.82649
   1.08804  139.15493    4.01256
   1.10842  144.82151    3.89375
   1.07079  157.73380    3.91317
   1.26207 40170.64922    3.97340
   1.08900  142.55408    3.83903
   1.37176 53782.51832    4.05585
   1.10431  154.21723    3.87256
   1.05777  141.23922    3.85777
   1.10148 12344.51241    3.71226
   1.06787  149.10494    3.80380
   1.05376  141.25036    3.72352
   1.08897  154.94808    3.89188
   1.07792  141.81979    3.83228
   1.26236 49391.84108    3.73176
   1.07409  133.43407    3.78053
   1.10032  149.87580    3.98209
   1.08253  165.32523    3.96228
   1.07156  154.45637    3.94623
   1.08442 1850.38958    3.74139
   1.10705  141.59322    3.82082
   1.13934  139.99065    3.92852
   1.10179  148.11494    3.95053
   1.11039  144.87836    4.00450
   1.45919 57085.11326    4.06834
   1.10196  140.10722    3.74360
   1.14275  153.53208    4.04429
   1.09972  155.55408    3.90265
   1.08521  162.13037    3.65253
   1.32396 42292.34095    3.92602
   1.12927  164.62980    4.05356
   1.08510  151.76265    4.01601
   1.11404  140.46465    3.96697
   1.14821  149.50980    4.18936
   1.34184 42200.31004    4.15191
   1.09152  147.52694    3.84163
   1.07797  151.91151    3.84724
   1.11597  162.05980    3.93917
   1.06628  153.19323    3.72905
   1.28718 46060.77071    3.79434
   1.09937  146.23065    3.91495
   1.12769  142.82836    3.87335
   1.70243 138998.23656    3.83844
   1.16448  151.97208    4.14773
   1.41437 45164.56365    4.21915
   1.18589  147.52437    4.07486
   1.15350  211.71326    3.92524
   1.13380  131.71921    3.93094
   1.14013  148.65208    3.92248
   1.22836 39931.73881    3.60099
   1.16765  147.43837    4.07564
   1.15753  151.93694    4.06453
   1.16491  150.78380    4.10971
   1.11770  142.27493    3.97033
   1.23451 32643.72743    3.92434
   1.13624  138.12950    4.15221
   1.13395  140.14493    3.98983
   1.11787  153.30808    3.97776
   1.13127  145.06894    4.15491
   1.28496 35879.70975    4.18668
   1.09247  159.59494    4.00716
   1.09866  136.37036    3.88268
   1.19107  155.03580    4.17717
   1.14040  143.80008    3.98631
   1.08299  149.52780    3.81800
   1.10312  147.42322    3.93048
   1.13287  135.17693    3.86091
   1.15128  140.36350    3.91476
   1.13060  150.09722    4.20365
   1.16676 18299.52450    3.98201
   1.07868  152.67237    3.92581
   1.07801  156.21637    3.93948
   1.14773  149.42637    4.16667
   1.14450  168.61781    4.21337
   1.19472 26134.10247    3.93796
   1.13206  143.76265    3.96361
   1.14415  141.72951    4.10248
   1.10728  161.45866    3.95183
   1.11359  171.39581    4.09824
   1.16040 4549.25447    4.00128
   1.11153  137.59836    3.79635
   1.08668  144.43751    3.78079
   1.08686  155.63494    3.76570
   1.09075  136.83322    3.82899
   1.29280 46632.99330    3.94922
   1.16348  146.48779    4.01232
   1.16669  192.05382    4.20433
   1.20312  154.08523    4.27772
   1.16294  142.60265    4.19212
   1.34915 41446.23649    4.07879
   1.10740  161.73294    3.90768
   1.18408  143.56951    4.14277
   1.19380  145.33208    4.09213
   1.22860  150.33037    4.20112
   1.33894 36652.77846    4.16023
   0.94427  144.92608    3.47331
