  15.80344   15.80344    0.00000
   0.66826  157.22980    2.91130
   0.68111  136.30208    2.37768
   0.72684  133.88007    2.65564
   0.71249  135.12093    2.52492
   0.94122 50699.42826    2.57868
   0.71960  131.22236    2.51516
   0.76802  134.93208    2.59580
   0.77941  140.57036    2.76840
   0.74983  134.43836    2.54926
   0.93694 43368.42103    2.78091
   0.79050  130.25036    2.72301
   0.77867  138.27151    2.69148
   0.80430  132.12265    2.79393
   0.80415  126.34064    2.77339
   1.00357 55638.90787    2.74635
   0.81068  122.10378    2.86973
   0.83002  171.94467    3.01698
   0.81047  133.14807    2.75722
   0.85323  128.94893    2.99264
   1.04534 45245.88008    3.10544
   0.82319  126.41464    2.75463
   0.82936  131.84950    2.87724
   0.83461  127.96436    2.97636
   0.83921  132.28265    3.04182
   0.98316 40297.20818    2.82467
   0.83089  134.87750    2.90780
   0.83717  119.00178    2.81692
   0.89440  130.90579    3.07629
   0.89423  133.88265    3.06312
   1.02869 44114.88659    3.01223
   0.89778  119.67064    3.16058
   0.85603  138.30808    3.11115
   0.89187  130.85779    3.24704
   0.90810  128.08093    3.32952
   0.88681  136.12950    3.22722
   0.91526  124.06207    3.25458
   0.93576  129.02064    3.25635
   0.91000  134.60950    3.24750
   0.91827  129.77522    3.19488
   1.05250 38234.97988    3.19716
   0.90921  133.45779    3.30356
   0.92398  134.38150    3.31220
   0.95238  140.23236    3.37717
   0.95922  133.34750    3.44096
   1.10019 38804.28049    3.51076
   0.95897  137.22208    3.40869
   0.90173  117.26378    3.35196
   0.96577  134.00093    3.68757
   0.90645  131.43322    3.45828
   1.08795 38899.97111    3.55837
   0.95289  135.95408    3.66360
   0.90835  136.62636    3.49806
   0.91839  136.35493    3.48217
   0.93181  132.56522    3.49813
   1.12145 38551.74063    3.74220
   0.97193  143.00694    3.86925
   0.99314  132.72350    3.92274
   0.99214  136.67665    3.84873
   0.97439  140.69294    3.95079
   1.18414 39794.81447    3.97098
   0.99413  145.04094    3.94430
   1.04983  146.02980    4.14052
   1.05002  145.11151    4.06852
   1.04285  135.07236    3.93377
   1.18134 39385.65853    3.89173
   1.06092  132.69293    3.92758
   1.04433  135.11750    3.89552
   1.05420  159.18066    4.01558
   1.05144  146.25722    4.01410
   1.25195 42041.62601    4.03661
   1.09489  141.17551    4.16791
   1.14311  134.96436    4.29612
   1.08120  138.74979    3.98842
   1.10592  142.28179    4.06308
   1.27941 44159.45319    3.95101
   1.09245  137.85179    4.13273
   1.02329  148.93951    4.12897
   1.09090  142.92694    4.18013
   1.08463  148.81437    4.10071
   1.22791 43383.87533    3.92091
   1.02578  136.20522    3.98789
   0.99346  137.37122    3.98832
   0.97948  139.13551    3.80614
   1.02507  134.24779    3.98151
   1.17449 37126.50784    3.94597
   1.03439  157.64352    3.98706
   1.01903  143.52437    4.02627
   1.00572  136.24008    4.01195
   1.04390  138.03493    4.00315
   1.19299 43466.16280    3.98130
   0.96514  146.74237    3.69043
   1.01283  147.39151    3.89060
   0.97525  138.84265    3.77824
   1.00094  133.75836    3.81616
   1.09730 14013.17638    3.84211
   1.02423  151.61951    3.71189
   1.02056  135.52179    3.88661
   1.02701  156.44780    3.87564
   1.04496  165.65124    3.89554
   1.18044 36946.26259    3.92214
   1.03974  146.52180    3.84485
   1.03705  135.08093    3.84047
   1.04894  141.77351    3.92546
   1.09300  136.45636    3.97367
   1.09795 11769.84885    3.95249
   1.09910  130.69207    4.04430
   1.12578  144.62979    4.19779
   1.06096  142.62979    4.05696
   1.04803  158.90123    3.94758
   1.10777 12406.14892    3.83658
   1.02889  140.85122    4.02432
   1.02927  141.27236    3.99071
   1.01837  137.63836    3.93662
   1.06679  135.83408    4.06534
   1.21534 36509.68864    3.99669
   1.02963  157.14466    3.77055
   1.04537  149.68094    3.83463
   1.08969  141.67836    3.82169
   1.03662  133.95150    3.71465
   1.20344 38480.09574    3.64251
   1.07933  137.84093    3.91020
   1.07209  140.93551    3.95357
   1.05268  139.77122    3.86005
   1.04791  142.54122    3.70874
   1.19708 24447.62906    3.95158
   1.06733  168.06981    3.93312
   1.05452  144.11579    3.81431
   1.05418  142.10408    3.80329
   1.08404  140.12951    3.82175
   1.28337 41590.19833    3.90263
   1.11914  140.42465    4.05815
   1.12694  145.48094    4.08409
   1.10833  139.46808    3.91000
   1.10317  161.78209    3.95492
   1.28515 39593.01236    3.94853
   1.08852  146.81951    3.95890
   1.05288  131.52179    3.68755
   1.09943  147.17208    3.90810
   1.08358  139.42979    3.88590
   1.22341 38165.20670    3.80228
   1.05348  145.23751    3.88307
   1.04290  156.13980    3.81153
   1.04758  150.64694    3.64088
   1.11570  134.53865    3.90917
   1.21907 34365.49773    3.80953
   1.10040  135.32008    3.92285
   1.13306  144.74979    4.03042
   1.11670  163.37981    4.01792
   1.07366  142.77637    3.91244
   1.18721 41764.85900    3.76799
   1.04325  166.97781    3.80580
   1.05152  174.32438    4.00718
   1.14287  145.25551    4.01640
   1.06365  147.62551    3.91362
   1.22010 39585.72664    3.83631
   1.06141  154.10380    3.97433
   1.06543  145.92608    3.91062
   1.07330  150.21637    3.89631
   1.07389  149.84180    4.07239
   1.07852 5795.19066    3.92205
   1.00109  170.02038    3.78381
   1.01361  135.41693    3.71924
   1.07134  147.47237    3.86960
   1.07660  144.97037    3.84569
   1.07228  133.38579    3.76503
   1.01701  139.03665    3.57504
   0.98122  154.98466    3.65006
   1.02393  146.97037    3.78388
   1.05812  132.56436    3.82185
   1.17013 39022.18518    3.75699
   1.01130  157.06066    3.82952
   1.03096  157.44523    3.85978
   1.08406  141.44094    3.71735
   1.06807  151.26723    3.74612
   1.26573 38272.85505    3.95485
   1.07763  156.91494    3.89717
   1.02915  166.52181    3.87011
   1.03122  142.65437    3.83334
   1.05927  143.47922    3.93684
   1.23976 36795.61223    3.94076
   1.03039  151.54208    3.84195
   1.01099  154.76951    3.74884
   1.03402  181.94067    3.81561
   1.01160  163.70295    3.79351
   1.16938 38262.99790    3.84386
   1.01317  170.13352    3.74340
   1.05111  141.72779    3.78882
   1.04584  144.04779    3.84532
   1.07394  164.90295    3.81813
   1.17540 35572.91069    3.75660
   1.05705  148.32008    3.76644
   1.07528  173.86810    3.86151
   1.01571  168.55667    3.89153
   1.03900  156.12780    3.84510
   1.22468 36628.18556    3.78520
   1.04082  162.56952    3.83474
   0.97988  141.48265    3.63969
   1.09545  163.10895    3.94778
   1.00970  149.00008    3.69972
   1.16481 38400.51026    3.69935
   1.00540  162.03838    3.70571
   0.99442  169.76867    3.65902
   1.00018  207.63669    3.75077
   1.00255  139.93951    3.53299
   1.16516 37218.60275    3.62164
   1.06852  149.05865    3.83077
   1.05861  175.44438    4.04484
   1.01381  147.74551    3.70861
   1.04130  140.79236    3.81808
   1.19458 38313.27050    3.85383
   1.03595  145.42980    3.77870
   1.06123  153.73894    3.99483
   1.07119  146.74637    3.88250
   1.06399  162.03495    3.90826
   1.10006 11967.59753    3.81905
   1.05612  147.48608    3.78634
   1.06382  143.91837    3.81361
   1.10274  169.02238    3.94225
   1.05672  135.82322    3.85645
   1.24331 48751.74060    3.78495
   1.05628  136.12693    3.77012
   1.08954  147.91323    3.96884
   1.03690  152.53866    3.87494
   1.05188  161.71066    3.90593
   1.09296 2479.26538    3.79579
   1.06877  153.86551    3.70278
   1.09819  152.19751    3.84733
   1.09688  141.41122    3.87475
   1.05961  150.16351    3.90845
   1.33429 56718.07647    3.94733
   1.08745  143.03579    3.77038
   1.05579  147.74637    3.79641
   1.07813  148.24265    3.89049
   1.04946  128.79664    3.62171
   1.21579 43075.88287    3.80394
   1.02490  154.53209    3.78879
   1.05584  162.37038    3.92821
   1.05566  149.88780    3.84650
   1.03720  149.23580    3.94651
   1.26136 41803.34273    3.91037
   1.03324  148.13123    3.72105
   1.07542  185.12182    3.77446
   1.09297  144.77179    3.92553
   1.07017  145.90837    3.73574
   1.28834 40384.86023    3.81469
   1.09111  153.58666    3.88331
   1.09829  154.61551    3.86906
   1.08406  156.35580    3.98562
   1.16353  155.83066    4.17998
   1.35269 44533.25540    4.11031
   1.17195  146.23837    4.03109
   1.16323  142.80865    4.00721
   1.08284  137.16693    3.73960
   1.06003  130.42236    3.64754
   1.24541 44710.88664    3.76758
   1.07316  148.33265    3.76072
   1.06474  146.92865    3.77297
   1.05173  141.54122    3.74036
   1.04343  142.48865    3.67407
   1.21322 36474.45090    3.83200
   1.06782  153.16266    3.91624
   1.10614  151.32437    4.00014
   1.07996  135.20950    3.94919
   1.05431  146.23665    4.01016
   1.22240 34731.59993    4.08248
   1.08389  152.12008    4.06909
   1.07763  157.20609    4.01098
   1.08497  140.78294    3.93691
   1.07632  142.82894    3.89565
   1.06962  144.06379    3.81518
   1.09571  135.18808    3.94300
   1.10588  137.44693    3.92101
   1.15246  150.43666    4.03506
   1.08539  166.77895    4.10540
   1.09634 17134.10098    3.88342
   1.06723  154.92866    3.93159
   1.10149  156.78294    4.05101
   1.09335  157.67666    4.05321
   1.11777  162.73038    4.08435
   1.20113 27376.70612    4.00019
   1.09661  156.35494    4.00542
   1.12443  141.40779    4.10391
   1.10494  145.33208    4.05185
   1.10484  147.07151    4.13291
   1.10673 2680.64207    3.91827
   1.11093  130.54979    3.92089
   1.10929  153.02294    3.96760
   1.16242  160.82152    4.15595
   1.09428  139.17379    3.85528
   1.31492 46022.82937    4.13306
   1.08050  151.79408    3.93830
   1.09289  161.95323    4.12250
   1.08249  144.02722    4.06522
   1.09356  141.60608    4.09981
   1.22935 38790.49162    3.92571
   1.05043  150.93866    3.88575
   1.08139  151.86723    3.99934
   1.09842  150.20951    3.98527
   1.10331  148.44180    4.02121
   1.27568 42185.65237    3.89973
   0.94665  144.70979    3.43335
