  16.76172   16.76172    0.00000
   0.63616  210.28611    2.77706
   0.69531  130.37978    2.43807
   0.73127  119.92778    2.56647
   0.74773  127.82207    2.55658
   0.98835 55005.19881    2.60292
   0.71542  122.11749    2.51670
   0.75476  125.12264    2.53283
   0.79450  134.40779    2.92891
   0.77078  152.05894    2.83916
   0.91119 31749.77884    2.80137
   0.89147  125.02035    3.00634
   0.87169  129.09378    2.93799
   0.80585  132.28864    2.84897
   0.81186  135.42407    2.88373
   0.98245 46841.52698    2.68288
   0.81565  125.38407    2.90937
   0.83350  130.26807    3.01095
   0.81182  108.55577    2.75158
   0.88124  125.69207    3.10675
   1.04487 47844.85781    2.91260
   0.85423  131.84436    2.96852
   0.86626  123.71407    3.01127
   0.88845  125.20435    3.15482
   0.88406  131.03836    3.18193
   1.03918 40582.71932    2.95212
   0.86072  130.57121    2.92411
   0.90143  121.36949    3.00908
   0.86568  127.40435    3.01331
   0.92143  129.04350    3.19881
   1.08415 40064.29647    3.27585
   0.95154  137.88865    3.40144
   0.91321  130.28007    3.24556
   0.93310  137.61893    3.40749
   0.98857  132.06721    3.51810
   1.06918 35831.46619    3.27814
   0.95223  128.97721    3.29123
   0.93253  132.75236    3.27306
   0.93476  132.72607    3.47005
   0.90302  126.54035    3.21153
   1.10611 37532.09653    3.33966
   0.96477  139.38208    3.51225
   0.95562  131.42036    3.42971
   0.99240  113.52263    3.50386
   1.01492  127.63493    3.46972
   1.17406 39532.35875    3.68550
   0.98455  149.33979    3.52653
   0.94517  131.89093    3.53598
   0.95321  131.67921    3.60607
   0.94644  128.18207    3.59956
   1.09676 37964.75105    3.66797
   0.95498  133.37121    3.72442
   0.90734  125.09635    3.44876
   0.97237  131.40693    3.59171
   0.97948  129.79578    3.63304
   1.09052 37841.16156    3.63452
   0.95874  129.94150    3.76574
   0.93811  126.09521    3.69092
   0.95167  158.52009    3.70181
   0.99080  129.81778    4.02262
   1.12608 37737.23950    3.83739
   1.00659  149.99494    4.04258
   0.99629  134.54493    3.85949
   0.97506  131.58321    3.87121
   0.98739  137.29893    3.79549
   1.17507 39614.72623    3.83396
   1.03644  131.89264    3.77848
   1.03034  204.52182    3.83216
   1.06612  127.84435    4.08454
   1.07825  135.57979    4.04913
   1.26735 43891.99911    4.24309
   1.04488  149.59408    3.94561
   1.13136  145.16265    4.20041
   1.06937  132.73121    3.84602
   1.07751  138.69522    3.89318
   1.31795 43762.46846    4.10888
   1.11144  139.14893    4.05803
   1.13003  139.17265    4.29725
   1.11843  142.71751    4.20930
   1.05716  140.38493    4.06660
   1.30243 43998.02631    4.21288
   1.08751  134.76864    4.18298
   1.06682  134.10893    4.19855
   1.04901  129.84350    3.99688
   1.07798  150.86322    4.24395
   1.04386  148.86408    4.05520
   1.00072  129.69036    3.86283
   1.05816  140.20179    4.09491
   1.03290  133.76007    4.05902
   1.07748  140.79665    4.16669
   1.20061 41857.93372    3.97598
   1.02855  142.95922    4.01369
   1.07813  175.68695    4.14951
   1.05804  158.46666    4.18439
   1.08718  150.67751    4.12978
   1.12610  147.76437    4.16356
   1.08671  158.15494    4.05527
   1.11174  137.24436    4.24052
   1.10966  149.02322    4.18084
   1.11453  149.60351    4.13868
   1.28832 40894.18635    4.17537
   1.13016  142.85208    4.17899
   1.11341  180.75667    4.08784
   1.12130  154.98037    4.21912
   1.15703  149.55065    4.22703
   1.15497 6255.40623    4.28089
   1.14936  143.53636    4.23571
   1.15399  158.94237    4.47498
   1.07759  147.05951    4.23541
   1.08794  151.74465    4.20130
   1.14324 12349.60666    4.04829
   1.09915  138.47236    4.13931
   1.06219  137.52693    4.07625
   1.05079  160.83923    3.97262
   1.07896  136.95922    4.12373
   1.24333 38413.54444    3.97926
   1.09867  137.16607    4.08596
   1.09365  143.48179    4.01681
   1.10616  155.69637    3.93715
   1.11087  143.42893    3.96072
   1.23999 36501.35998    3.80136
   1.08368  147.27065    3.89236
   1.06753  145.42408    3.91738
   1.07244  148.98808    3.82942
   1.08737  164.76266    3.87217
   1.15829 23218.27538    3.78129
   1.04655  153.80180    3.82839
   1.04321  136.72693    3.79591
   1.05724  139.28436    3.72554
   1.06531  143.31751    3.72477
   1.26707 37550.54283    3.78728
   1.08389  162.92009    3.95293
   1.10834  145.79922    4.04223
   1.09387  136.32693    3.93735
   1.12072  138.56779    3.98074
   1.30065 39429.46841    3.90725
   1.14174  134.12779    4.12329
   1.09246  161.48266    3.85042
   1.11062  144.19151    3.91984
   1.10680  139.41865    3.90515
   1.21401 41366.48260    3.66520
   1.06588  156.78294    3.95697
   1.09242  157.23323    3.94635
   1.07064  143.28008    3.76573
   1.16448  150.51408    4.01861
   1.25924 33972.18061    3.93857
   1.02788  135.21636    3.67937
   1.04923  134.66036    3.87932
   1.05267  130.54064    3.86234
   1.08859  139.06636    3.82768
   1.20267 41961.59521    3.81431
   1.05504  162.47923    3.85754
   1.01177  140.65208    3.69234
   1.06598  136.57379    3.80885
   1.10323  154.06894    3.97656
   1.40217 42462.50091    3.87206
   1.07740  141.88522    3.89155
   1.03453  150.46237    3.75346
   1.08833  131.71236    3.91980
   1.10542  150.36180    4.03929
   1.09439 6540.44039    3.98780
   1.07233  159.58466    3.92391
   1.10424  170.59666    4.05672
   1.14025  152.68265    4.12791
   1.09299  138.34150    3.96957
   1.04993  147.51665    3.76055
   1.04755  131.09207    3.67904
   1.02813  137.79922    3.80520
   1.00005  179.00867    3.70770
   1.02884  217.53297    3.73213
   1.18769 37274.95839    3.88660
   1.02866  138.92179    3.83922
   1.02150  143.10065    3.83000
   1.08791  149.13979    3.85683
   1.06421  144.72265    3.78347
   1.19227 38011.39050    3.80950
   1.09771  147.77294    4.02055
   1.07429  142.36779    3.99237
   1.08425  184.07067    3.89355
   1.08860  133.22379    3.99251
   1.23552 34531.95634    3.95728
   1.04630  145.00779    3.84934
   1.06605  161.69294    3.97289
   1.06068  163.06895    3.98424
   1.06296  176.60610    3.98969
   1.21169 34676.27728    3.93462
   1.05552  150.18294    3.91097
   1.05519  150.80094    3.82452
   1.01823  136.34293    3.67205
   1.03878  154.26980    3.79269
   1.20279 38281.04436    3.75443
   1.05639  168.95495    3.95652
   1.09479  142.42808    4.04475
   1.04395  160.18894    3.94031
   1.06044  168.97638    3.95337
   1.22083 39563.67877    3.87955
   1.08544  141.98893    3.92889
   1.00775  165.16437    3.72750
   1.04873  161.56694    3.78555
   1.00677  136.54122    3.68657
   1.17845 40208.03969    3.72536
   0.99940  143.18722    3.60924
   1.00677  133.72693    3.64838
   1.04923  151.39237    3.98277
   1.04271  135.02293    3.66933
   1.18545 35233.81043    3.69444
   1.08075  141.81351    3.86662
   1.08545  143.38293    4.03586
   1.12309  155.56608    3.92611
   1.11231  150.57037    3.98018
   1.27121 40888.26091    3.97683
   1.06520  177.78552    3.79249
   1.19860 18383.91192    4.05742
   1.12913  147.31151    4.19628
   1.13564  148.94122    4.29564
   1.17580 11640.99571    4.13920
   1.05912  157.60866    3.84718
   1.10429  143.96951    3.96533
   1.02574  132.18636    3.70402
   1.06353  144.65894    4.00464
   1.23393 49602.12104    3.73875
   1.04797  142.94979    3.84206
   1.14793  160.05180    4.12709
   1.10313  161.89180    4.07942
   1.11295  150.62322    4.10010
   1.11596 6112.41815    3.85753
   1.10066  141.15922    3.74568
   1.12122  151.22408    3.85270
   1.12200  131.79064    3.90143
   1.15511  134.00693    4.10285
   1.37309 58874.61947    3.94975
   1.07143  150.00694    3.72751
   1.08132  149.49979    3.83353
   1.08703  146.11322    3.89040
   1.10435  154.67151    3.86729
   1.26275 38885.70355    3.99039
   1.06452  137.89379    3.87878
   1.06075  139.24093    3.99085
   1.08032  154.25208    3.99836
   1.06937  132.71493    3.96785
   1.31721 40561.47788    4.01196
   1.11249  145.63922    3.97668
   1.05983  144.86636    3.79164
   1.10017  134.81007    3.86370
   1.08633  153.03408    3.81318
   1.30406 40574.06417    3.87417
   1.08501  144.42065    3.89067
   1.07379  160.82637    3.81535
   1.56387 103059.04074    3.97024
   1.07949  132.36779    4.02343
   1.34202 43104.01668    3.98035
   1.16604  142.49293    4.05411
   1.11934  142.39665    3.81810
   1.11000  165.32780    3.84281
   1.12578  154.34894    3.83829
   1.28544 40865.23576    3.72641
   1.12626  144.03665    3.91806
   1.16391  157.58466    4.14917
   1.06767  133.50721    3.88126
   1.11867  158.43580    4.04650
   1.37015 37830.39098    4.22283
   1.18319  132.36779    4.32937
   1.14759  152.78408    4.07281
   1.13760  149.22208    4.06323
   1.11596  138.01550    4.08506
   1.30630 35247.29558    4.29964
   1.09566  155.21723    4.10164
   1.10960  147.09465    4.00310
   1.19084  147.23579    4.19623
   1.11267  138.79065    3.86862
   1.20416 35203.63328    3.62033
   1.13238  127.74464    3.99224
   1.13672  133.91493    4.00732
   1.27547 23725.08166    4.02751
   1.10353  150.67322    4.06491
   1.18167 17729.83242    4.12501
   1.09144  153.96265    4.06916
   1.07199  153.17294    3.96222
   1.09763  153.89380    3.94525
   1.10684  161.52780    4.09969
   1.21746 26778.25559    3.92639
   1.14007  147.73437    4.04116
   1.17435  134.80007    4.18042
   1.09811  147.03837    4.04540
   1.13322  154.19837    4.23633
   1.12745  152.40008    3.98349
   1.13481  144.96094    3.96167
   1.08348  158.44180    3.77441
   1.11307  140.83579    3.97897
   1.12658  181.73038    3.91188
   1.28443 48392.89782    3.96822
   1.07820  160.78466    3.90497
   1.12082  151.91922    4.03487
   1.13341  174.17209    4.05577
   1.12118  147.08094    4.11666
   1.25674 40583.67932    3.94997
   1.08613  147.85608    4.06035
   1.07732  228.66641    4.08288
   1.09427  149.35408    3.89569
   1.12414  150.88008    3.95405
   1.22228 41818.82056    3.73192
   0.98435  150.17037    3.63910
