  22.59058   22.59058       -nan
   0.65813  232.50151    2.20302
   0.67697  136.50633    2.15109
   0.67876  291.00010    2.22979
   0.71985  125.05204    2.37049
   0.80328 73893.46281    2.24154
   0.71889  124.71919    2.41484
   0.68269  131.98890    2.15326
   0.72965  131.43833    2.45131
   1.56306 551277.30978    1.95025
   0.78773  127.40776    2.61179
   0.77453  156.19577    2.58748
   0.80065  129.26405    2.81893
   0.83029  175.06492    2.81763
   1.04420 185659.86479    2.56921
   0.80330  122.18404    2.73390
   0.82523  285.83924    2.82827
   0.82177  131.52348    2.86373
   0.89701 43384.15255    2.90230
   0.80947  134.53405    2.83994
   0.84163  275.88096    3.06032
   0.85129  135.77719    3.11237
   0.84643  294.27153    3.06622
   0.92093 41424.56185    3.14794
   0.86739  334.45726    3.26050
   0.84876  153.48948    3.17898
   0.86492  167.08777    3.23501
   0.87407  156.66577    3.23658
   0.93437 41486.03359    3.26104
   0.88404  167.16520    3.39773
   0.88078  167.01635    3.41493
   0.86995  280.76267    3.30613
   0.89144  242.57894    3.43966
   0.92620 44368.77919    3.33777
   0.87547  199.10893    3.46474
   0.90836  298.94782    3.61064
   0.91714  208.94293    3.68720
   0.97287 51959.21160    3.70017
   0.87234  203.18293    3.64279
   0.88874  217.88265    3.77423
   0.92416  235.22980    3.93535
   0.94655  233.23665    4.03250
   0.97454 13223.69355    4.12754
   0.94928  281.04524    4.17802
   0.92421  312.20697    4.09757
   0.92860  320.02811    4.16550
   0.93544  251.39923    4.18849
   0.95827  314.73268    4.35131
   0.94917  261.70038    4.33426
   0.94778  267.74410    4.30573
   0.95200  301.73039    4.43033
   0.95506  296.97382    4.42169
   0.99393 42710.15145    4.42485
   0.94817  286.37639    4.49655
   0.95253  314.00354    4.56068
   0.96544  314.28868    4.68115
   0.97391  332.57012    4.72651
   0.97369 2897.04017    4.73137
   0.92543  280.37981    4.36206
   0.92059  359.81641    4.47520
   0.98741  309.93725    4.70969
   1.01239 41377.05041    4.58125
   0.97794  308.74925    4.72847
   0.96955  308.71925    4.79354
   0.97808  325.55583    4.67916
   0.95485  345.69269    4.58899
   1.00254 39093.89388    4.55006
   0.96337  529.63933    4.63771
   0.94418  292.53953    4.56614
   0.97085  340.65612    4.70100
   0.99124 6225.92021    4.67039
   0.97492  330.74240    4.66399
   0.99335  317.68868    4.74380
   0.99298  296.46325    4.71210
   0.97786  343.18984    4.65684
   1.04867 39375.90798    4.73192
   0.95405  305.62982    4.64038
   1.00051  303.36096    4.72419
   1.01839  318.08868    4.78569
   1.00616  295.60696    4.74522
   1.04379 40133.48054    4.65937
   1.01250  308.10640    4.76556
   1.01217  310.56611    4.71674
   1.03937  319.00697    4.77603
   1.01306  312.40354    4.73695
   1.10719 38662.71259    4.81905
   1.03522  308.20697    4.80468
   1.04392  296.94982    4.83551
   1.02415  313.82783    4.69015
   1.04783 4625.70279    4.82062
   1.10246  327.68354    5.07446
   1.03222  307.32097    4.72775
   0.99307  286.74210    4.50748
   1.02833  329.69812    4.66729
   1.06433 34567.63599    4.61707
   1.04848  298.67411    4.76933
   1.04014  321.98640    4.74398
   1.02281  314.48868    4.72179
   1.06540  315.69211    4.82105
   1.10617 37662.12823    4.77024
   1.03491  292.64182    4.68307
   1.06279  321.47926    4.86458
   1.01038  300.36354    4.65303
   0.99081  326.38897    4.56034
   1.27156 221698.34131    4.34603
   1.01296  311.56440    4.64153
   0.99817  301.37696    4.51831
   0.99008  310.61811    4.50455
   1.04878 38105.18353    4.49682
   1.05047  301.86211    4.74374
   1.02588  312.89468    4.71103
   1.03823  313.92354    4.76317
   1.01983  297.13468    4.66364
   1.05801 37435.21129    4.50147
   1.03470 2884.25817    4.69092
   1.01872  308.56440    4.64899
   1.03214  317.10726    4.73270
   1.02073  314.90068    4.69671
   1.08338 39037.51015    4.60803
   1.05938  308.27925    4.73874
   1.05242  322.48697    4.79305
   1.05575  317.91068    4.73953
   1.11929 39670.83523    4.84591
   1.06111  339.82212    4.69843
   1.05147  308.93611    4.78999
   1.07024  299.66582    4.82564
   1.06235  323.27669    4.75629
   1.08694 40722.07703    4.64539
   1.03243  320.65211    4.68647
   1.03887  305.44097    4.69008
   1.06788  321.56440    4.88259
   1.05366  330.86412    4.77711
   1.08203 39344.53483    4.60266
   1.04604  285.34210    4.65468
   1.11060  297.92525    4.98050
   1.09396  565.74792    4.93627
   1.02905  319.79669    4.56885
   1.04660 41915.15231    4.46382
   1.01647  308.16525    4.52772
   1.05814  334.34240    4.76601
   1.04634  310.01382    4.71750
   1.10116 40828.36393    4.64975
   1.06914  318.54383    4.70473
   1.07614  313.88783    4.81193
   1.06179  349.84184    4.83790
   1.04503  422.84529    4.77621
   1.04739  294.06039    4.65749
   1.05196  333.48869    4.71795
   1.06883  327.36783    4.76087
   1.05905  319.49297    4.84040
   1.04394  334.64698    4.70014
   1.05457  344.98555    4.77401
   1.05509  324.21383    4.82223
   1.04345  321.23097    4.78181
   1.04100  311.27668    4.73039
   1.04371  316.15326    4.67475
   1.04620 12734.66224    4.73136
   1.05168  339.18726    4.77313
   1.06239  315.54297    4.77677
   1.02872  330.98069    4.71503
   1.08563 35733.27298    4.60793
   1.03070  334.90812    4.66730
   1.05374  342.45955    4.66249
   1.07814  320.13297    4.73919
   1.04564  313.03325    4.65997
   1.11340 36974.09313    4.78710
   1.08611  304.61268    4.80842
   1.04373  312.80783    4.69532
   1.08311  332.26983    4.81139
   1.02858  305.34982    4.56833
   1.12148 35582.92321    4.61062
   1.06311  333.93812    4.75228
   1.03850  324.40526    4.59241
   1.08563  592.15592    4.81707
   1.11754 38900.66896    4.69606
   1.12250  331.15840    4.84339
   1.05999  326.68526    4.77953
   1.05770  325.78012    4.83734
   1.04681  315.12840    4.69375
   1.08231 37662.62023    4.54859
   1.06856  324.05469    4.72048
   1.10827  335.34069    4.82922
   1.05686  361.62070    4.61235
   1.01857  305.45725    4.52482
   1.11643 38660.68944    4.64465
   1.03160  300.51325    4.58715
   1.04468  291.64010    4.63189
   1.05077  305.44097    4.59652
   1.01392  301.02554    4.51939
   1.06306 40235.95600    4.38550
   0.99983  301.51668    4.44875
   1.01977  305.72182    4.39192
   1.04932  298.57468    4.53429
   1.09310 38890.84753    4.55298
   1.02814  307.64697    4.56762
   1.00074  291.20782    4.43798
   1.00603  291.32353    4.43804
   1.02069  327.34326    4.49662
   1.08086 40615.84071    4.45284
   1.02133  288.42896    4.51586
   1.04618  564.20020    4.67370
   1.01550  284.29124    4.52303
   1.01089  349.85641    4.58356
   1.07470 38071.37781    4.48286
   1.04977  314.06383    4.53732
   1.05208  346.36098    4.57355
   1.03286  323.60526    4.53154
   1.01564  306.35982    4.47953
   1.04448 40826.49564    4.44140
   0.98898  294.11582    4.45164
   1.00576  325.24612    4.57509
   0.98486  307.16611    4.48985
   1.05150 42717.87231    4.39824
   0.99772  334.25383    4.50240
   0.97386  318.10668    4.48221
   1.00421  328.09955    4.56473
   0.99558  288.99325    4.50931
   1.07583 40933.82139    4.51663
   1.01044  320.57126    4.53657
   1.01225  304.03925    4.52034
   1.02568  303.47411    4.57765
   1.04568  298.22468    4.64424
   1.07683 43006.32327    4.46688
   1.00730  291.76696    4.41378
   1.02566  315.16097    4.50583
   1.03448  333.83069    4.56466
   1.06711 43453.10972    4.46743
   1.00676 2962.11677    4.47250
   0.99711  330.37955    4.50392
   0.99267  328.55840    4.43510
   1.04445  353.63955    4.55392
   1.06357 42981.02726    4.44193
   1.00875  322.00954    4.52875
   1.00240  316.55240    4.53434
   1.01162  343.44526    4.49673
   1.03145  329.97212    4.59025
   1.07488 53313.25008    4.47658
   1.00847  339.60783    4.49536
   1.02480  322.00097    4.50645
   1.01745  300.32439    4.57060
   1.02193  334.48612    4.52127
   1.07848 35987.78221    4.53173
   0.99730  300.75325    4.45231
   0.99755  311.29782    4.50854
   1.04893  326.23840    4.68904
   1.09323 44610.87213    4.55055
   1.01804  299.96011    4.48754
   0.99260  298.22496    4.38293
   0.99161  284.36353    4.47068
   1.01480  313.58040    4.53636
   1.02530 36847.24109    4.38577
   0.98577  327.97383    4.50248
   1.02317  360.04784    4.66024
   0.98709  339.14726    4.44730
   1.00368  307.74640    4.58839
   1.06590 37588.24649    4.62163
   1.02519  345.36184    4.69535
   1.02184  318.52954    4.63617
   1.04489  306.49725    4.75737
   1.04793  337.42641    4.68639
   1.08003 20945.05544    4.74116
   1.01028  293.70725    4.51921
   1.02593  336.63498    4.60454
   1.05937  332.66383    4.78181
   1.09474 36745.04219    4.64242
   1.02156  296.33039    4.49828
   1.04704  339.15583    4.71989
   1.06237  313.13211    4.68252
   1.07292  332.37812    4.79035
   1.08630 37179.68292    4.56414
   0.99999  297.19239    4.51699
   1.02870  323.94583    4.62137
   1.00856  300.00268    4.52369
   0.99826  322.22554    4.51306
   1.04653 39468.10287    4.46210
   0.99756  307.18325    4.55143
   1.00562  289.09125    4.40955
   1.00699  294.82039    4.42678
   1.06927 40083.67909    4.47468
   1.03705  310.76782    4.58014
   1.03194  322.80526    4.52811
   1.04139  517.09447    4.63699
   1.01801  313.39840    4.52853
   1.07237 39614.79778    4.41319
   0.98473 2912.88189    4.62017
